W10.031003475189209106
106
106
106
106
106
106
106
106
106
106
106
106
106
106
106
106
106
106
106
106
106
106
106
106
106
106
107
107
106
107
107
106
106
107
107
107
106
107
106
106
106
106
106
106
106
106
106
106
107
106
107
106
106
106
107
106
106
107
106
106
106
106
106
106
106
106
106
106
106
106
106
107
106
106
106
107
106
106
106
106
107
106
106
106
106
105
106
106
106
106
106
106
106
106
107
106
106
106
106
106
106
106
106
106
106
107
106
106
106
106
107
106
106
106
106
106
107
106
107
106
106
106
107
107
106
107
107
106
107
106
107
107
107
106
107
106
106
106
107
106
106
106
107
107
107
107
107
107
107
106
106
107
107
107
107
107
106
106
106
107
106
107
106
107
107
107
106
107
107
107
106
107
106
106
106
106
107
107
106
107
106
106
106
106
106
106
107
107
106
106
106
107
106
106
106
106
106
106
107
107
106
107
105
106
107
106
106
106
107
106
106
107
106
107
107
107
107
107
106
107
107
107
107
107
107
107
107
106
107
107
106
107
107
106
107
106
107
107
107
107
107
107
107
