W10.020713567733765179
179
179
179
179
179
178
177
176
176
174
174
175
176
175
176
175
174
174
174
174
174
174
174
174
173
173
173
174
174
173
173
174
174
174
175
175
174
174
174
175
175
175
175
175
175
176
175
176
176
176
176
177
176
176
177
177
177
178
178
178
177
177
178
178
177
178
178
178
178
178
178
178
178
178
178
177
178
178
178
178
177
178
178
179
179
179
179
180
179
179
180
179
180
180
180
181
181
181
180
181
181
180
181
181
181
182
182
182
182
182
182
183
183
183
182
183
183
183
184
184
184
184
184
184
185
184
185
185
185
185
185
185
185
185
186
185
186
185
185
186
185
186
185
186
186
185
186
186
185
186
185
184
184
184
183
182
182
181
181
180
180
178
177
176
176
176
176
176
176
176
175
175
175
175
175
175
175
175
175
175
175
175
175
175
177
176
176
175
176
176
176
176
176
176
176
176
177
176
176
177
177
176
177
177
176
177
177
177
177
177
177
177
177
177
178
177
178
178
178
178
178
178
178
178
178
178
177
177
178
177
177
178
178
178
178
178
177
178
178
178
178
178
178
