S15.029336214065552138
138
138
138
138
138
138
139
139
139
139
139
139
139
139
140
140
140
140
140
140
140
140
140
140
140
141
141
140
140
141
141
141
141
141
141
141
141
141
141
142
142
141
141
141
142
141
141
141
141
142
142
142
141
141
141
141
141
142
141
141
141
141
141
141
141
141
140
141
140
140
140
140
140
139
139
139
139
138
138
138
138
139
139
139
139
140
140
141
140
141
141
141
142
143
143
145
145
145
147
147
149
149
150
151
152
154
153
155
156
156
157
159
159
160
161
162
162
163
164
165
166
166
167
167
168
169
169
170
170
171
171
172
172
173
173
175
175
175
175
176
177
177
178
178
178
179
179
180
180
181
180
182
182
183
183
184
185
185
185
185
186
186
187
187
188
187
189
189
189
189
189
190
189
190
191
191
192
192
192
192
193
194
193
194
194
194
194
194
194
194
195
195
194
195
195
195
196
195
196
197
196
196
197
196
197
197
197
197
197
197
197
198
198
198
199
198
198
199
199
199
198
199
199
199
199
199
199
199
199
199
200
201
199
200
200
200
200
200
200
201
201
201
202
201
202
201
202
202
202
203
202
203
203
202
203
203
204
203
203
204
204
204
205
204
204
205
205
205
206
206
205
206
206
207
206
206
206
207
207
206
207
207
207
208
208
208
208
208
208
209
209
208
209
210
209
210
210
210
210
210
210
211
211
211
211
211
211
211
211
212
211
212
212
212
212
212
212
213
213
213
213
213
213
214
213
214
214
214
214
214
214
214
214
215
215
215
215
215
215
215
216
216
216
216
215
215
217
216
216
216
216
216
216
216
216
217
217
216
217
217
217
217
217
217
217
