W10.02766656875610493
94
93
94
93
93
93
94
94
94
93
93
93
93
93
93
93
93
94
93
94
94
94
94
94
94
94
94
94
93
94
94
94
94
94
94
94
94
94
94
94
94
94
94
94
94
94
94
94
94
94
94
94
94
94
94
94
93
93
93
93
93
93
93
93
93
93
93
93
93
93
92
93
93
93
93
93
92
93
93
93
92
93
93
93
93
92
93
92
92
93
92
93
93
93
93
93
92
93
93
92
93
93
93
93
93
93
93
93
93
93
94
93
93
94
93
93
93
93
94
93
93
94
94
93
94
93
94
94
93
93
93
94
93
94
93
93
93
93
93
93
93
92
93
93
93
93
92
93
92
92
92
92
92
92
93
93
93
93
93
92
92
93
93
93
93
92
92
93
92
92
93
93
93
93
93
93
93
92
93
93
93
93
93
93
93
93
93
93
93
93
93
93
93
93
93
93
93
94
93
93
93
93
93
93
93
93
93
93
93
93
93
93
93
93
93
93
93
93
93
93
92
92
92
92
92
92
92
92
92
92
92
92
92
92
92
92
92
92
91
92
92
92
91
