S15.03918671607971264
63
63
63
63
64
64
64
63
64
64
63
64
63
64
64
63
63
63
63
64
64
63
64
63
64
63
64
64
64
63
63
64
64
64
63
64
63
63
63
63
63
64
63
63
63
63
64
64
63
63
64
64
64
65
65
65
65
65
67
66
67
68
70
71
73
74
74
75
75
75
75
76
77
78
78
79
80
81
82
83
84
85
86
86
87
88
89
90
92
91
92
93
94
95
95
97
98
98
99
100
101
101
102
103
104
105
106
106
107
108
109
109
110
111
111
113
113
114
115
116
116
117
118
119
119
121
121
122
123
123
124
124
125
126
127
127
128
128
130
130
131
131
132
133
133
133
135
135
136
136
137
137
138
138
139
139
139
141
141
141
141
142
143
143
143
143
144
144
145
145
146
147
146
147
147
147
148
147
149
149
150
150
150
151
151
151
151
152
152
153
153
153
154
154
155
155
155
156
157
158
158
158
159
158
159
159
160
161
161
161
161
162
163
164
163
164
164
165
165
166
165
167
167
167
167
167
168
169
169
169
170
170
171
171
171
172
173
172
173
174
174
173
174
175
175
176
176
176
176
177
177
177
177
178
178
179
179
179
180
180
180
181
181
181
181
182
182
183
183
183
183
184
184
183
184
184
185
185
184
185
185
185
186
186
186
185
186
187
187
187
187
187
187
188
188
188
189
189
189
188
189
189
189
190
190
190
191
191
192
192
191
192
192
192
192
192
192
192
192
192
193
193
193
194
193
194
194
194
195
194
194
195
195
195
195
195
195
196
196
196
196
197
197
197
197
196
198
197
197
197
197
199
198
199
199
199
199
199
199
199
199
199
200
200
200
